1722 807 1
1723 807 1
9841 19323 1
21368 19323 1
38916 49558 1
38916 49559 1
38916 49560 1
41004 53527 1
41004 53528 1
41004 53529 1
41004 53540 1
5565 67274 1
48360 68885 1
41004 80478 1
58338 92808 1
58349 92808 1
60693 98749 1
38916 98750 1
60693 98750 1
60704 98776 1
38916 98777 1
60704 98777 1
60693 98778 1
60704 98778 1
60715 98801 1
38916 98802 1
60715 98802 1
60693 98803 1
60715 98803 1
60704 98804 1
60715 98804 1
38916 98821 1
60726 98821 1
60693 98822 1
60726 98822 1
60704 98823 1
60726 98823 1
60715 98824 1
60726 98824 1
38916 98847 1
60737 98847 1
60693 98848 1
60737 98848 1
60704 98849 1
60737 98849 1
60715 98850 1
60737 98850 1
60726 98851 1
60737 98851 1
38916 111353 1
65503 111353 1
60693 111354 1
65503 111354 1
60715 111355 1
65503 111355 1
60726 111356 1
65503 111356 1
60737 111357 1
65503 111357 1
60704 142830 1
48360 156984 1
5565 191436 1
5565 191439 1
5565 193759 1
48360 236516 1
111047 236516 1
111047 236517 1
48360 244947 1
113927 244947 1
114727 247191 1
114727 247192 1
41004 247193 1
114727 247193 1
114727 247194 1
38916 261459 1
113927 268314 1
41004 308673 1
136260 310431 1
136260 310432 1
41004 310433 1
136260 310433 1
136260 310434 1
114727 310435 1
136260 310435 1
41004 310464 1
136271 310464 1
114727 310465 1
136271 310465 1
136260 310466 1
136271 310466 1
41004 310496 1
136282 310496 1
114727 310497 1
136282 310497 1
136260 310498 1
136282 310498 1
136271 310499 1
136282 310499 1
41004 314443 1
114727 314445 1
41004 332582 1
143682 332582 1
114727 332583 1
143682 332583 1
136260 332584 1
143682 332584 1
136271 332585 1
143682 332585 1
136282 332586 1
143682 332586 1
148593 347276 1
148593 347277 1
151103 354909 1
151103 354910 1
60693 370771 1
60693 370775 1
160781 384232 1
160781 384233 1
113927 399665 1
136260 434342 1
41004 434373 1
38916 442673 1
180251 442673 1
60693 442674 1
180251 442674 1
60704 442675 1
180251 442675 1
60715 442676 1
180251 442676 1
60737 442677 1
180251 442677 1
180958 445287 1
181024 445500 1
181024 445501 1
181024 445502 1
181024 445503 1
181024 445504 1
151103 445505 1
181024 445505 1
41004 451155 1
114727 451156 1
136260 451157 1
136271 451158 1
58338 452535 1
182888 452535 1
58349 452536 1
182888 452536 1
9841 456213 1
183768 456213 1
21368 456214 1
183768 456214 1
183768 456215 1
111047 457811 1
58349 460496 1
184731 460496 1
182888 460497 1
184731 460497 1
186794 469479 1
186794 469480 1
186794 469481 1
41004 469998 1
136260 470000 1
136282 470001 1
143682 470002 1
180958 470827 1
9841 472570 1
187526 472570 1
21368 472571 1
187526 472571 1
183768 472572 1
187526 472572 1
187526 472573 1
187526 472574 1
187526 472575 1
187670 473532 1
187670 473533 1
187670 473534 1
187670 473535 1
187670 473536 1
187670 473537 1
187670 473538 1
187670 473539 1
187670 473540 1
187670 473541 1
187670 473542 1
187670 473543 1
41004 474927 1
136260 474928 1
41004 482436 1
136260 482437 1
187670 495988 1
187670 496480 1
187670 497080 1
192891 497591 1
187670 497592 1
192891 497592 1
180958 502575 1
194372 504447 1
194372 504448 1
194372 504449 1
194372 504450 1
194372 504451 1
194372 504452 1
194373 504453 1
194372 504454 1
194373 504454 1
194767 506235 1
41004 506236 1
194767 506236 1
114727 506237 1
194767 506237 1
136260 506238 1
194767 506238 1
136271 506239 1
194767 506239 1
136282 506240 1
194767 506240 1
143682 506241 1
194767 506241 1
148593 510203 1
195596 510203 1
195597 510204 1
195597 510205 1
195597 510206 1
195597 510207 1
148593 510208 1
195597 510208 1
195596 510209 1
195597 510209 1
148593 510210 1
195598 510210 1
195596 510211 1
195598 510211 1
195597 510212 1
195598 510212 1
148593 510213 1
195599 510213 1
195596 510214 1
195599 510214 1
195598 510215 1
195599 510215 1
148593 510216 1
195600 510216 1
195596 510217 1
195600 510217 1
195597 510218 1
195600 510218 1
195599 510219 1
195600 510219 1
41004 510563 1
41004 510567 1
136260 510568 1
187670 510836 1
192891 510866 1
195934 511728 1
195934 511729 1
195934 511730 1
151103 511731 1
195934 511731 1
195934 511732 1
181024 511733 1
195934 511733 1
195935 511734 1
195935 511735 1
195935 511736 1
151103 511737 1
195935 511737 1
195935 511738 1
181024 511739 1
195935 511739 1
195934 511740 1
195935 511740 1
195936 511741 1
151103 511742 1
195936 511742 1
181024 511743 1
195936 511743 1
195936 511744 1
195934 511745 1
195936 511745 1
195935 511746 1
195936 511746 1
151103 511748 1
195938 511748 1
181024 511749 1
195938 511749 1
195934 511750 1
195938 511750 1
195935 511751 1
195938 511751 1
195936 511752 1
195938 511752 1
195935 516195 1
14550 518155 1
197232 518155 1
197232 518156 1
187670 520005 1
186794 520493 1
197753 520493 1
186794 520494 1
197754 520494 1
197753 520495 1
197754 520495 1
197755 520496 1
197755 520497 1
186794 520498 1
197755 520498 1
197755 520499 1
197755 520500 1
197753 520501 1
197755 520501 1
197754 520502 1
197755 520502 1
186794 520512 1
187670 520850 1
41004 524576 1
186794 527048 1
199068 527048 1
197753 527049 1
199068 527049 1
197754 527050 1
199068 527050 1
197755 527051 1
199068 527051 1
199069 527052 1
186794 527053 1
199069 527053 1
197753 527054 1
199069 527054 1
197754 527055 1
199069 527055 1
197755 527056 1
199069 527056 1
199068 527057 1
199069 527057 1
148593 531009 1
200212 532737 1
38866 532738 1
200212 532738 1
200212 532739 1
200212 532740 1
200212 532741 1
200212 532742 1
38916 540975 1
201696 540975 1
60693 540976 1
201696 540976 1
60726 540977 1
201696 540977 1
60737 540978 1
201696 540978 1
65503 540979 1
201696 540979 1
180251 540980 1
201696 540980 1
187670 541774 1
197755 543894 1
197755 543902 1
197755 543912 1
180251 545442 1
194372 546738 1
202868 546741 1
194372 546742 1
202868 546742 1
194373 546743 1
202868 546743 1
202870 546752 1
202870 546753 1
194372 546754 1
202870 546754 1
194373 546755 1
202870 546755 1
202868 546756 1
202870 546756 1
160781 547037 1
202925 547037 1
160781 547096 1
202936 547096 1
202925 547097 1
202936 547097 1
160781 547135 1
202947 547135 1
202947 547136 1
202925 547137 1
202947 547137 1
202936 547138 1
202947 547138 1
202958 547178 1
160781 547179 1
202958 547179 1
202958 547180 1
202958 547181 1
202958 547182 1
202958 547183 1
202925 547184 1
202958 547184 1
202936 547185 1
202958 547185 1
202947 547186 1
202958 547186 1
202969 547257 1
160781 547258 1
202969 547258 1
202969 547259 1
202925 547260 1
202969 547260 1
202936 547261 1
202969 547261 1
202947 547262 1
202969 547262 1
202958 547263 1
202969 547263 1
194372 548466 1
194373 548467 1
202868 548468 1
202870 548469 1
203220 548470 1
203220 548471 1
194372 548472 1
203220 548472 1
194373 548473 1
203220 548473 1
202868 548474 1
203220 548474 1
202870 548475 1
203220 548475 1
203220 548476 1
148593 551897 1
203912 551897 1
195597 551898 1
203912 551898 1
195598 551899 1
203912 551899 1
195599 551900 1
203912 551900 1
195600 551901 1
203912 551901 1
148593 551902 1
203913 551902 1
195596 551903 1
203913 551903 1
195597 551904 1
203913 551904 1
195598 551905 1
203913 551905 1
195599 551906 1
203913 551906 1
195600 551907 1
203913 551907 1
203912 551908 1
203913 551908 1
181024 557900 1
195934 557902 1
187670 560851 1
194372 571647 1
207687 571647 1
194373 571648 1
207687 571648 1
202868 571649 1
207687 571649 1
202870 571650 1
207687 571650 1
203220 571651 1
207687 571651 1
207688 571652 1
194372 571653 1
207688 571653 1
194373 571654 1
207688 571654 1
202868 571655 1
207688 571655 1
202870 571656 1
207688 571656 1
203220 571657 1
207688 571657 1
207687 571658 1
207688 571658 1
160781 572597 1
207881 572597 1
207881 572598 1
202925 572599 1
207881 572599 1
202936 572600 1
207881 572600 1
202947 572601 1
207881 572601 1
202958 572602 1
207881 572602 1
202969 572603 1
207881 572603 1
41004 573115 1
9841 573209 1
207965 573209 1
21368 573210 1
207965 573210 1
207965 573211 1
183768 573212 1
207965 573212 1
187526 573213 1
207965 573213 1
9841 573214 1
207966 573214 1
21368 573215 1
207966 573215 1
183768 573216 1
207966 573216 1
187526 573217 1
207966 573217 1
207965 573218 1
207966 573218 1
9841 573219 1
207967 573219 1
21368 573220 1
207967 573220 1
207967 573221 1
183768 573222 1
207967 573222 1
187526 573223 1
207967 573223 1
207965 573224 1
207967 573224 1
207966 573225 1
207967 573225 1
187670 574054 1
194372 582632 1
187670 589068 1
187670 594018 1
187670 595614 1
58338 596545 1
212470 596545 1
58349 596546 1
212470 596546 1
212470 596547 1
182888 596548 1
212470 596548 1
184731 596549 1
212470 596549 1
212470 596550 1
212470 596551 1
212470 596552 1
7655 597758 1
212701 597758 1
8936 597759 1
212701 597759 1
212701 597760 1
212701 597761 1
212701 597762 1
212701 597763 1
212701 597764 1
194372 600467 1
187670 605985 1
41004 607086 1
215411 612308 1
215411 612309 1
195596 614022 1
195599 614023 1
202925 615105 1
202947 615106 1
202958 615107 1
207881 615108 1
151103 619177 1
14550 620796 1
216965 620796 1
197232 620797 1
216965 620797 1
216966 620798 1
216966 620799 1
14550 620800 1
216966 620800 1
197232 620801 1
216966 620801 1
216965 620802 1
216966 620802 1
216967 620803 1
216967 620804 1
216967 620805 1
14550 620806 1
216967 620806 1
216967 620807 1
197232 620808 1
216967 620808 1
216965 620809 1
216967 620809 1
216966 620810 1
216967 620810 1
14550 620811 1
216968 620811 1
216968 620812 1
197232 620813 1
216968 620813 1
216965 620814 1
216968 620814 1
216966 620815 1
216968 620815 1
216967 620816 1
216968 620816 1
216970 620820 1
14550 620821 1
216970 620821 1
197232 620822 1
216970 620822 1
216965 620823 1
216970 620823 1
216966 620824 1
216970 620824 1
216967 620825 1
216970 620825 1
216968 620826 1
216970 620826 1
212470 622789 1
180958 625904 1
217859 625904 1
217870 625942 1
180958 625943 1
217870 625943 1
217859 625944 1
217870 625944 1
180958 625990 1
217881 625990 1
217859 625991 1
217881 625991 1
217870 625992 1
217881 625992 1
180958 626045 1
217893 626045 1
217859 626046 1
217893 626046 1
217870 626047 1
217893 626047 1
217881 626048 1
217893 626048 1
180958 626110 1
217904 626110 1
217859 626111 1
217904 626111 1
217870 626112 1
217904 626112 1
217881 626113 1
217904 626113 1
217893 626114 1
217904 626114 1
212701 627859 1
212701 627862 1
41004 628621 1
180958 642776 1
220869 642776 1
217859 642777 1
220869 642777 1
217870 642778 1
220869 642778 1
217881 642779 1
220869 642779 1
217893 642780 1
220869 642780 1
217904 642781 1
220869 642781 1
7655 645266 1
221357 645266 1
8936 645267 1
221357 645267 1
221357 645268 1
221357 645269 1
221357 645270 1
41004 649722 1
114727 649723 1
223380 656685 1
223380 656686 1
41004 660361 1
216967 670266 1
216968 670267 1
186794 671910 1
202958 674026 1
212701 674082 1
215411 675275 1
226806 675275 1
215411 675276 1
226807 675276 1
226806 675277 1
226807 675277 1
215411 675279 1
226806 675280 1
226807 675281 1
215411 677516 1
226806 677517 1
226807 677518 1
215411 682090 1
228054 682090 1
226806 682091 1
228054 682091 1
226807 682092 1
228054 682092 1
228054 682093 1
228055 682094 1
228055 682095 1
215411 682096 1
228055 682096 1
226806 682097 1
228055 682097 1
226807 682098 1
228055 682098 1
228055 682099 1
228054 682100 1
228055 682100 1
187670 683117 1
228805 686702 1
7655 690227 1
229368 690227 1
8936 690228 1
229368 690228 1
212701 690229 1
229368 690229 1
221357 690230 1
229368 690230 1
221357 690237 1
229368 690238 1
7655 690243 1
229371 690243 1
8936 690244 1
229371 690244 1
229371 690245 1
229371 690246 1
229371 690247 1
212701 690248 1
229371 690248 1
221357 690249 1
229371 690249 1
229368 690250 1
229371 690250 1
229371 690251 1
7655 690252 1
229372 690252 1
8936 690253 1
229372 690253 1
212701 690254 1
229372 690254 1
221357 690255 1
229372 690255 1
229368 690256 1
229372 690256 1
7655 690257 1
229373 690257 1
8936 690258 1
229373 690258 1
212701 690259 1
229373 690259 1
221357 690260 1
229373 690260 1
229368 690261 1
229373 690261 1
229371 690262 1
229373 690262 1
229372 690263 1
229373 690263 1
230780 698442 1
230780 698443 1
230780 698444 1
187670 698445 1
230780 698445 1
230780 698446 1
192891 698447 1
230780 698447 1
230780 698448 1
230780 698449 1
187670 699767 1
231003 699767 1
192891 699768 1
231003 699768 1
230780 699769 1
231003 699769 1
187670 700499 1
231114 700499 1
192891 700500 1
231114 700500 1
230780 700501 1
231114 700501 1
231003 700502 1
231114 700502 1
187670 701062 1
231225 701062 1
192891 701063 1
231225 701063 1
231225 701064 1
231225 701065 1
230780 701066 1
231225 701066 1
231003 701067 1
231225 701067 1
231114 701068 1
231225 701068 1
187670 701686 1
231336 701686 1
192891 701687 1
231336 701687 1
231336 701688 1
231336 701689 1
231336 701690 1
230780 701691 1
231336 701691 1
231003 701692 1
231336 701692 1
231114 701693 1
231336 701693 1
231225 701694 1
231336 701694 1
202925 704785 1
202969 704786 1
202969 704853 1
38866 707900 1
232469 707900 1
232469 707901 1
200212 707902 1
232469 707902 1
200212 707910 1
232471 707910 1
232469 707911 1
232471 707911 1
200212 707912 1
232469 707913 1
232471 707914 1
38866 707915 1
232473 707915 1
200212 707916 1
232473 707916 1
232469 707917 1
232473 707917 1
232471 707918 1
232473 707918 1
38866 707919 1
232474 707919 1
200212 707920 1
232474 707920 1
232469 707921 1
232474 707921 1
232471 707922 1
232474 707922 1
232473 707923 1
232474 707923 1
48360 707933 1
202969 714754 1
231336 716685 1
231336 716692 1
186794 721809 1
234872 721809 1
197753 721810 1
234872 721810 1
197754 721811 1
234872 721811 1
197755 721812 1
234872 721812 1
199068 721813 1
234872 721813 1
199069 721814 1
234872 721814 1
187670 729463 1
1722 735810 1
237157 735810 1
1723 735811 1
237157 735811 1
237157 735812 1
237157 735813 1
237157 735814 1
1722 735833 1
237159 735833 1
1723 735834 1
237159 735834 1
237159 735835 1
237159 735836 1
237159 735837 1
237159 735838 1
237159 735839 1
237157 735840 1
237159 735840 1
237157 735844 1
237159 735845 1
1722 735846 1
237161 735846 1
1723 735847 1
237161 735847 1
237161 735848 1
237161 735849 1
237161 735850 1
237161 735851 1
237161 735852 1
237161 735853 1
237161 735854 1
237161 735855 1
237157 735856 1
237161 735856 1
237159 735857 1
237161 735857 1
237161 735858 1
212701 744565 1
229371 745830 1
114727 747313 1
230780 750775 1
221357 751865 1
229371 751867 1
202868 758481 1
181024 759740 1
229371 763550 1
229368 763558 1
223380 773618 1
243343 773618 1
243343 773619 1
243343 773620 1
223380 773621 1
243343 773623 1
243345 773624 1
223380 773625 1
243345 773625 1
243345 773626 1
243343 773627 1
243345 773627 1
243345 773628 1
202870 774427 1
197755 775734 1
197755 775743 1
187670 775960 1
42993 778585 1
244110 778585 1
244110 778586 1
244110 778587 1
244110 778588 1
244110 778589 1
42993 778590 1
244111 778590 1
244111 778591 1
244110 778592 1
244111 778592 1
221357 783168 1
42993 786364 1
245293 786364 1
245293 786365 1
245293 786366 1
244110 786367 1
245293 786367 1
244111 786368 1
245293 786368 1
42993 786369 1
245294 786369 1
244110 786370 1
245294 786370 1
244111 786371 1
245294 786371 1
245293 786372 1
245294 786372 1
42993 786373 1
245295 786373 1
245295 786374 1
244110 786375 1
245295 786375 1
244111 786376 1
245295 786376 1
245293 786377 1
245295 786377 1
245294 786378 1
245295 786378 1
42993 786379 1
245296 786379 1
244110 786380 1
245296 786380 1
244111 786381 1
245296 786381 1
245293 786382 1
245296 786382 1
245294 786383 1
245296 786383 1
245295 786384 1
245296 786384 1
183768 798626 1
38866 802623 1
247896 802623 1
247896 802624 1
200212 802625 1
247896 802625 1
232469 802626 1
247896 802626 1
232471 802627 1
247896 802627 1
247896 802628 1
232473 802629 1
247896 802629 1
232474 802630 1
247896 802630 1
6040 802680 1
247906 802680 1
247906 802681 1
247906 802682 1
247906 802686 1
187670 804025 1
231336 808792 1
60704 809827 1
216967 816944 1
151103 824832 1
181024 824833 1
195935 824834 1
195936 824835 1
228805 826673 1
251566 826673 1
228805 826674 1
251567 826674 1
251566 826675 1
251567 826675 1
228805 826676 1
251568 826676 1
251566 826677 1
251568 826677 1
251567 826678 1
251568 826678 1
228805 826679 1
251569 826679 1
251566 826680 1
251569 826680 1
251567 826681 1
251569 826681 1
251568 826682 1
251569 826682 1
228805 826693 1
251571 826693 1
251566 826694 1
251571 826694 1
251567 826695 1
251571 826695 1
251568 826696 1
251571 826696 1
251569 826697 1
251571 826697 1
216967 828541 1
252036 829578 1
252036 829579 1
252036 829580 1
252036 829581 1
252036 829582 1
252036 829583 1
252036 829584 1
252036 829585 1
252036 829586 1
151103 829587 1
252036 829587 1
252036 829588 1
181024 829589 1
252036 829589 1
252036 829590 1
195934 829591 1
252036 829591 1
195935 829592 1
252036 829592 1
195936 829593 1
252036 829593 1
195938 829594 1
252036 829594 1
252036 829595 1
252036 829596 1
252036 829597 1
252036 829598 1
252036 829599 1
252036 829600 1
252036 829601 1
252036 829602 1
252036 829603 1
252036 829604 1
252036 829605 1
252036 829606 1
252036 829607 1
252036 829608 1
252036 829609 1
5565 835659 1
252834 835659 1
252834 835660 1
252834 835661 1
252834 835662 1
252834 835663 1
252834 835664 1
252834 835665 1
252834 835666 1
252834 835667 1
5565 835668 1
252835 835668 1
252835 835669 1
252835 835670 1
252835 835671 1
252835 835672 1
252835 835673 1
252835 835674 1
252835 835675 1
252835 835676 1
252835 835677 1
252835 835678 1
252835 835679 1
252835 835680 1
252834 835681 1
252835 835681 1
5565 835688 1
252837 835688 1
252837 835689 1
252837 835690 1
252837 835691 1
252837 835692 1
252837 835693 1
252837 835694 1
252837 835695 1
252837 835696 1
252834 835697 1
252837 835697 1
252835 835698 1
252837 835698 1
5565 835699 1
252838 835699 1
252838 835700 1
252838 835701 1
252838 835702 1
252834 835703 1
252838 835703 1
252835 835704 1
252838 835704 1
252837 835705 1
252838 835705 1
216966 838965 1
58338 841023 1
253647 841023 1
58349 841024 1
253647 841024 1
184731 841025 1
253647 841025 1
212470 841026 1
253647 841026 1
58338 841090 1
253658 841090 1
58349 841091 1
253658 841091 1
182888 841092 1
253658 841092 1
184731 841093 1
253658 841093 1
212470 841094 1
253658 841094 1
253647 841095 1
253658 841095 1
212470 841184 1
253681 841235 1
58338 841236 1
253681 841236 1
58349 841237 1
253681 841237 1
182888 841238 1
253681 841238 1
184731 841239 1
253681 841239 1
212470 841240 1
253681 841240 1
253647 841241 1
253681 841241 1
253658 841242 1
253681 841242 1
148593 846757 1
195934 847440 1
1722 849513 1
254871 849513 1
1723 849514 1
254871 849514 1
254871 849515 1
254871 849516 1
254871 849517 1
254871 849518 1
254871 849519 1
237157 849520 1
254871 849520 1
237159 849521 1
254871 849521 1
254871 849522 1
237161 849523 1
254871 849523 1
1722 849524 1
254872 849524 1
1723 849525 1
254872 849525 1
237157 849526 1
254872 849526 1
237159 849527 1
254872 849527 1
237161 849528 1
254872 849528 1
254871 849529 1
254872 849529 1
223380 855668 1
255728 855668 1
243343 855669 1
255728 855669 1
243345 855670 1
255728 855670 1
223380 855671 1
255729 855671 1
243343 855672 1
255729 855672 1
243345 855673 1
255729 855673 1
255728 855674 1
255729 855674 1
223380 855675 1
255730 855675 1
243343 855676 1
255730 855676 1
243345 855677 1
255730 855677 1
255728 855678 1
255730 855678 1
255729 855679 1
255730 855679 1
215411 856343 1
255818 856343 1
226806 856344 1
255818 856344 1
226807 856345 1
255818 856345 1
228054 856346 1
255818 856346 1
228055 856347 1
255818 856347 1
215411 856348 1
255819 856348 1
226806 856349 1
255819 856349 1
226807 856350 1
255819 856350 1
228054 856351 1
255819 856351 1
228055 856352 1
255819 856352 1
223380 860027 1
256387 860027 1
243343 860028 1
256387 860028 1
256387 860029 1
243345 860030 1
256387 860030 1
255728 860031 1
256387 860031 1
255729 860032 1
256387 860032 1
255730 860033 1
256387 860033 1
181024 860958 1
228805 866586 1
257383 866586 1
251566 866587 1
257383 866587 1
251567 866588 1
257383 866588 1
251568 866589 1
257383 866589 1
251569 866590 1
257383 866590 1
251571 866591 1
257383 866591 1
192891 867432 1
200212 872355 1
258210 872355 1
232469 872356 1
258210 872356 1
232471 872357 1
258210 872357 1
258210 872358 1
232474 872359 1
258210 872359 1
247896 872360 1
258210 872360 1
6040 875291 1
258607 875291 1
247906 875292 1
258607 875292 1
6040 875293 1
258608 875293 1
258608 875294 1
247906 875295 1
258608 875295 1
258607 875296 1
258608 875296 1
6040 875297 1
258609 875297 1
247906 875298 1
258609 875298 1
258607 875299 1
258609 875299 1
258608 875300 1
258609 875300 1
6040 875301 1
258610 875301 1
247906 875302 1
258610 875302 1
258607 875303 1
258610 875303 1
258608 875304 1
258610 875304 1
258609 875305 1
258610 875305 1
6040 875306 1
258611 875306 1
247906 875307 1
258611 875307 1
258607 875308 1
258611 875308 1
258608 875309 1
258611 875309 1
258609 875310 1
258611 875310 1
258610 875311 1
258611 875311 1
195935 876928 1
215411 879633 1
259240 879633 1
226806 879634 1
259240 879634 1
226807 879635 1
259240 879635 1
228055 879636 1
259240 879636 1
255818 879637 1
259240 879637 1
255819 879638 1
259240 879638 1
187670 881474 1
216966 881513 1
38866 882566 1
259661 882566 1
232469 882567 1
259661 882567 1
232473 882568 1
259661 882568 1
232474 882569 1
259661 882569 1
247896 882570 1
259661 882570 1
258210 882571 1
259661 882571 1
192891 883690 1
231336 883692 1
5565 883993 1
259870 883993 1
252834 883994 1
259870 883994 1
252835 883995 1
259870 883995 1
252837 883996 1
259870 883996 1
252838 883997 1
259870 883997 1
5565 883998 1
259871 883998 1
259871 883999 1
259871 884000 1
259871 884001 1
252834 884002 1
259871 884002 1
252835 884003 1
259871 884003 1
252837 884004 1
259871 884004 1
252838 884005 1
259871 884005 1
259870 884006 1
259871 884006 1
253681 891861 1
181024 892005 1
41004 892038 1
136260 892051 1
114727 892160 1
261513 895520 1
48360 895521 1
261513 895521 1
111047 895522 1
261513 895522 1
113927 895523 1
261513 895523 1
261513 895524 1
261513 895525 1
261513 895526 1
261513 895527 1
261513 895528 1
261513 895529 1
261524 895574 1
261524 895575 1
48360 895576 1
261524 895576 1
261524 895577 1
261524 895578 1
261524 895579 1
261524 895580 1
261524 895581 1
261524 895582 1
111047 895583 1
261524 895583 1
113927 895584 1
261524 895584 1
261524 895585 1
261524 895586 1
261524 895587 1
261524 895588 1
261524 895589 1
261524 895590 1
261524 895591 1
261524 895592 1
261524 895593 1
261513 895594 1
261524 895594 1
261535 895660 1
261535 895661 1
48360 895662 1
261535 895662 1
261535 895663 1
261535 895664 1
261535 895665 1
261535 895666 1
111047 895667 1
261535 895667 1
113927 895668 1
261535 895668 1
261535 895669 1
261535 895670 1
261535 895671 1
261535 895672 1
261524 895673 1
261535 895673 1
261546 895759 1
261546 895760 1
261546 895761 1
261546 895762 1
261546 895763 1
261546 895764 1
261546 895765 1
111047 895766 1
261546 895766 1
113927 895767 1
261546 895767 1
261546 895768 1
261546 895769 1
261546 895770 1
261546 895771 1
261546 895772 1
261513 895773 1
261546 895773 1
261524 895774 1
261546 895774 1
261535 895775 1
261546 895775 1
48360 895850 1
261558 895850 1
111047 895851 1
261558 895851 1
113927 895852 1
261558 895852 1
261558 895853 1
261558 895854 1
261513 895855 1
261558 895855 1
261524 895856 1
261558 895856 1
261535 895857 1
261558 895857 1
261546 895858 1
261558 895858 1
