608144 7122 1
608188 7122 1
608222 7122 1
94657 94655 1
94658 94655 1
94659 94655 1
94660 94656 1
94662 94656 1
94663 94656 1
94655 94657 1
94658 94657 1
94659 94657 1
94655 94658 1
94657 94658 1
94659 94658 1
94655 94659 1
94657 94659 1
94658 94659 1
94656 94660 1
94662 94660 1
94663 94660 1
94656 94662 1
94660 94662 1
94663 94662 1
94656 94663 1
94660 94663 1
94662 94663 1
144808 106287 1
144852 106287 1
144858 106287 1
106287 144808 1
144852 144808 1
144858 144808 1
106287 144852 1
144808 144852 1
144858 144852 1
106287 144858 1
144808 144858 1
144852 144858 1
185457 185456 1
185466 185456 1
185501 185456 1
185456 185457 1
185466 185457 1
185501 185457 1
185456 185466 1
185457 185466 1
185501 185466 1
185456 185501 1
185457 185501 1
185466 185501 1
219137 219136 1
219138 219136 1
225741 219136 1
219136 219137 1
219138 219137 1
225741 219137 1
219136 219138 1
219137 219138 1
225741 219138 1
219136 225741 1
219137 225741 1
219138 225741 1
267073 267068 1
267077 267068 1
267079 267068 1
267068 267073 1
267077 267073 1
267079 267073 1
267068 267077 1
267073 267077 1
267079 267077 1
267068 267079 1
267073 267079 1
267077 267079 1
282251 282240 1
282262 282240 1
282273 282240 1
282240 282251 1
282262 282251 1
282273 282251 1
282240 282262 1
282251 282262 1
282273 282262 1
282240 282273 1
282251 282273 1
282262 282273 1
334302 333951 1
334303 333951 1
334305 333951 1
333951 334302 1
334303 334302 1
334305 334302 1
333951 334303 1
334302 334303 1
334305 334303 1
333951 334305 1
334302 334305 1
334303 334305 1
446086 336532 1
446097 336532 1
446109 336532 1
361727 361726 1
361728 361726 1
362481 361726 1
361726 361727 1
361728 361727 1
362481 361727 1
361726 361728 1
361727 361728 1
362481 361728 1
361726 362481 1
361727 362481 1
361728 362481 1
373997 373995 1
374084 373995 1
374097 373995 1
373995 373997 1
374084 373997 1
374097 373997 1
373995 374084 1
373997 374084 1
374097 374084 1
373995 374097 1
373997 374097 1
374084 374097 1
382253 382252 1
382254 382252 1
385326 382252 1
382252 382253 1
382254 382253 1
385326 382253 1
382252 382254 1
382253 382254 1
385326 382254 1
382252 385326 1
382253 385326 1
382254 385326 1
439495 439494 1
439505 439494 1
439591 439494 1
439494 439495 1
439505 439495 1
439591 439495 1
439494 439505 1
439495 439505 1
439591 439505 1
439494 439591 1
439495 439591 1
439505 439591 1
336532 446086 1
446097 446086 1
446109 446086 1
336532 446097 1
446086 446097 1
446109 446097 1
336532 446109 1
446086 446109 1
446097 446109 1
463675 463674 1
463676 463674 1
463865 463674 1
463674 463675 1
463676 463675 1
463865 463675 1
463674 463676 1
463675 463676 1
463865 463676 1
463674 463865 1
463675 463865 1
463676 463865 1
503103 503102 1
512031 503102 1
512032 503102 1
503102 503103 1
512031 503103 1
512032 503103 1
503102 512031 1
503103 512031 1
512032 512031 1
503102 512032 1
503103 512032 1
512031 512032 1
522366 522355 1
522377 522355 1
522388 522355 1
522355 522366 1
522377 522366 1
522388 522366 1
522355 522377 1
522366 522377 1
522388 522377 1
522355 522388 1
522366 522388 1
522377 522388 1
530777 530776 1
531159 530776 1
531163 530776 1
530776 530777 1
531159 530777 1
531163 530777 1
530776 531159 1
530777 531159 1
531163 531159 1
530776 531163 1
530777 531163 1
531159 531163 1
7122 608144 1
608188 608144 1
608222 608144 1
7122 608188 1
608144 608188 1
608222 608188 1
7122 608222 1
608144 608222 1
608188 608222 1
629961 629960 1
630467 629960 1
630468 629960 1
629960 629961 1
630467 629961 1
630468 629961 1
629960 630467 1
629961 630467 1
630468 630467 1
629960 630468 1
629961 630468 1
630467 630468 1
669289 669287 1
669306 669287 1
669308 669287 1
669287 669289 1
669306 669289 1
669308 669289 1
669287 669306 1
669289 669306 1
669308 669306 1
669287 669308 1
669289 669308 1
669306 669308 1
862870 862773 1
862871 862773 1
862872 862773 1
862773 862870 1
862871 862870 1
862872 862870 1
862773 862871 1
862870 862871 1
862872 862871 1
862773 862872 1
862870 862872 1
862871 862872 1
886639 886638 1
886640 886638 1
886642 886638 1
886638 886639 1
886640 886639 1
886642 886639 1
886638 886640 1
886639 886640 1
886642 886640 1
886638 886642 1
886639 886642 1
886640 886642 1
901269 901268 1
901270 901268 1
901278 901268 1
901268 901269 1
901270 901269 1
901278 901269 1
901268 901270 1
901269 901270 1
901278 901270 1
901268 901278 1
901269 901278 1
901270 901278 1
903015 902823 1
903016 902823 1
904136 902823 1
902823 903015 1
903016 903015 1
904136 903015 1
902823 903016 1
903015 903016 1
904136 903016 1
902823 904136 1
903015 904136 1
903016 904136 1
1022551 1022550 1
1022562 1022550 1
1022563 1022550 1
1022550 1022551 1
1022562 1022551 1
1022563 1022551 1
1022550 1022562 1
1022551 1022562 1
1022563 1022562 1
1022550 1022563 1
1022551 1022563 1
1022562 1022563 1
1022953 1022952 1
1039474 1022952 1
1041188 1022952 1
1022952 1022953 1
1039474 1022953 1
1041188 1022953 1
1022952 1039474 1
1022953 1039474 1
1041188 1039474 1
1022952 1041188 1
1022953 1041188 1
1039474 1041188 1
1267383 1267382 1
1267384 1267382 1
1267385 1267382 1
1267382 1267383 1
1267384 1267383 1
1267385 1267383 1
1267382 1267384 1
1267383 1267384 1
1267385 1267384 1
1267382 1267385 1
1267383 1267385 1
1267384 1267385 1
1368604 1368603 1
1368605 1368603 1
1381270 1368603 1
1368603 1368604 1
1368605 1368604 1
1381270 1368604 1
1368603 1368605 1
1368604 1368605 1
1381270 1368605 1
1368603 1381270 1
1368604 1381270 1
1368605 1381270 1
1444617 1444606 1
1444628 1444606 1
1444863 1444606 1
1444606 1444617 1
1444628 1444617 1
1444863 1444617 1
1444606 1444628 1
1444617 1444628 1
1444863 1444628 1
1444606 1444863 1
1444617 1444863 1
1444628 1444863 1
1455410 1455407 1
1455411 1455407 1
1496043 1455407 1
1455407 1455410 1
1455411 1455410 1
1496043 1455410 1
1455407 1455411 1
1455410 1455411 1
1496043 1455411 1
1455407 1496043 1
1455410 1496043 1
1455411 1496043 1
1572100 1572087 1
1572102 1572087 1
1573595 1572087 1
1572087 1572100 1
1572102 1572100 1
1573595 1572100 1
1572087 1572102 1
1572100 1572102 1
1573595 1572102 1
1572087 1573595 1
1572100 1573595 1
1572102 1573595 1
1637772 1636680 1
1637809 1636680 1
1637810 1636680 1
1636680 1637772 1
1637809 1637772 1
1637810 1637772 1
1636680 1637809 1
1637772 1637809 1
1637810 1637809 1
1636680 1637810 1
1637772 1637810 1
1637809 1637810 1
1643048 1643047 1
1658263 1643047 1
1658264 1643047 1
1643047 1643048 1
1658263 1643048 1
1658264 1643048 1
1646993 1646991 1
1649083 1646991 1
1649084 1646991 1
1646991 1646993 1
1649083 1646993 1
1649084 1646993 1
1646991 1649083 1
1646993 1649083 1
1649084 1649083 1
1646991 1649084 1
1646993 1649084 1
1649083 1649084 1
1643047 1658263 1
1643048 1658263 1
1658264 1658263 1
1643047 1658264 1
1643048 1658264 1
1658263 1658264 1
1663931 1663905 1
1663932 1663905 1
1675319 1663905 1
1663905 1663931 1
1663932 1663931 1
1675319 1663931 1
1663905 1663932 1
1663931 1663932 1
1675319 1663932 1
1663905 1675319 1
1663931 1675319 1
1663932 1675319 1
1692881 1692880 1
1692882 1692880 1
1720615 1692880 1
1692880 1692881 1
1692882 1692881 1
1720615 1692881 1
1692880 1692882 1
1692881 1692882 1
1720615 1692882 1
1713756 1713678 1
1716857 1713678 1
1717356 1713678 1
1713678 1713756 1
1716857 1713756 1
1717356 1713756 1
1713678 1716857 1
1713756 1716857 1
1717356 1716857 1
1713678 1717356 1
1713756 1717356 1
1716857 1717356 1
1692880 1720615 1
1692881 1720615 1
1692882 1720615 1
1734694 1734693 1
1734695 1734693 1
1734696 1734693 1
1734693 1734694 1
1734695 1734694 1
1734696 1734694 1
1734693 1734695 1
1734694 1734695 1
1734696 1734695 1
1734693 1734696 1
1734694 1734696 1
1734695 1734696 1
1781385 1781333 1
1781388 1781333 1
1781390 1781333 1
1781333 1781385 1
1781388 1781385 1
1781390 1781385 1
1781333 1781388 1
1781385 1781388 1
1781390 1781388 1
1781333 1781390 1
1781385 1781390 1
1781388 1781390 1
1795214 1795213 1
1795216 1795213 1
1795222 1795213 1
1795213 1795214 1
1795216 1795214 1
1795222 1795214 1
1795213 1795216 1
1795214 1795216 1
1795222 1795216 1
1795213 1795222 1
1795214 1795222 1
1795216 1795222 1
1836810 1836799 1
1836821 1836799 1
1842419 1836799 1
1836799 1836810 1
1836821 1836810 1
1842419 1836810 1
1836799 1836821 1
1836810 1836821 1
1842419 1836821 1
1836799 1842419 1
1836810 1842419 1
1836821 1842419 1
1927693 1927692 1
1927694 1927692 1
1927695 1927692 1
1927692 1927693 1
1927694 1927693 1
1927695 1927693 1
1927692 1927694 1
1927693 1927694 1
1927695 1927694 1
1927692 1927695 1
1927693 1927695 1
1927694 1927695 1
