621104 12241 1
621107 12241 1
621167 12241 1
119205 119204 1
119206 119204 1
119379 119204 1
119204 119205 1
119206 119205 1
119379 119205 1
119204 119206 1
119205 119206 1
119379 119206 1
119204 119379 1
119205 119379 1
119206 119379 1
129262 129261 1
129263 129261 1
129264 129261 1
129261 129262 1
129263 129262 1
129264 129262 1
129261 129263 1
129262 129263 1
129264 129263 1
129261 129264 1
129262 129264 1
129263 129264 1
140745 140744 1
140746 140744 1
140747 140744 1
140744 140745 1
140746 140745 1
140747 140745 1
140744 140746 1
140745 140746 1
140747 140746 1
140744 140747 1
140745 140747 1
140746 140747 1
148787 148786 1
150942 148786 1
150943 148786 1
148786 148787 1
150942 148787 1
150943 148787 1
148786 150942 1
148787 150942 1
150943 150942 1
148786 150943 1
148787 150943 1
150942 150943 1
204341 204340 1
206561 204340 1
206570 204340 1
204340 204341 1
206561 204341 1
206570 204341 1
204340 206561 1
204341 206561 1
206570 206561 1
204340 206570 1
204341 206570 1
206561 206570 1
215670 215659 1
216591 215659 1
216639 215659 1
215659 215670 1
216591 215670 1
216639 215670 1
215659 216591 1
215670 216591 1
216639 216591 1
215659 216639 1
215670 216639 1
216591 216639 1
237542 237541 1
237543 237541 1
237544 237541 1
237541 237542 1
237543 237542 1
237544 237542 1
237541 237543 1
237542 237543 1
237544 237543 1
237541 237544 1
237542 237544 1
237543 237544 1
277010 275900 1
278120 275900 1
335761 275900 1
275900 277010 1
278120 277010 1
335761 277010 1
275900 278120 1
277010 278120 1
335761 278120 1
284626 284625 1
284627 284625 1
292968 284625 1
284625 284626 1
284627 284626 1
292968 284626 1
284625 284627 1
284626 284627 1
292968 284627 1
284625 292968 1
284626 292968 1
284627 292968 1
328382 328380 1
328383 328380 1
328384 328380 1
328380 328382 1
328383 328382 1
328384 328382 1
328380 328383 1
328382 328383 1
328384 328383 1
328380 328384 1
328382 328384 1
328383 328384 1
275900 335761 1
277010 335761 1
278120 335761 1
383473 383472 1
383562 383472 1
880946 383472 1
383472 383473 1
383562 383473 1
880946 383473 1
383472 383562 1
383473 383562 1
880946 383562 1
397632 397631 1
397633 397631 1
397635 397631 1
397631 397632 1
397633 397632 1
397635 397632 1
397631 397633 1
397632 397633 1
397635 397633 1
397631 397635 1
397632 397635 1
397633 397635 1
486104 486103 1
486107 486103 1
486112 486103 1
486103 486104 1
486107 486104 1
486112 486104 1
486103 486107 1
486104 486107 1
486112 486107 1
486103 486112 1
486104 486112 1
486107 486112 1
515287 515284 1
515355 515284 1
515357 515284 1
515284 515287 1
515355 515287 1
515357 515287 1
515284 515355 1
515287 515355 1
515357 515355 1
515284 515357 1
515287 515357 1
515355 515357 1
572032 572018 1
572042 572018 1
572056 572018 1
572018 572032 1
572042 572032 1
572056 572032 1
572018 572042 1
572032 572042 1
572056 572042 1
572018 572056 1
572032 572056 1
572042 572056 1
12241 621104 1
621107 621104 1
621167 621104 1
12241 621107 1
621104 621107 1
621167 621107 1
12241 621167 1
621104 621167 1
621107 621167 1
767786 767785 1
767787 767785 1
767788 767785 1
767785 767786 1
767787 767786 1
767788 767786 1
767785 767787 1
767786 767787 1
767788 767787 1
767785 767788 1
767786 767788 1
767787 767788 1
383472 880946 1
383473 880946 1
383562 880946 1
943524 943522 1
943676 943522 1
951952 943522 1
943522 943524 1
943676 943524 1
951952 943524 1
943522 943676 1
943524 943676 1
951952 943676 1
943522 951952 1
943524 951952 1
943676 951952 1
952540 952539 1
952554 952539 1
952560 952539 1
952539 952540 1
952554 952540 1
952560 952540 1
952539 952554 1
952540 952554 1
952560 952554 1
952539 952560 1
952540 952560 1
952554 952560 1
995233 995229 1
995234 995229 1
995641 995229 1
995229 995233 1
995234 995233 1
995641 995233 1
995229 995234 1
995233 995234 1
995641 995234 1
995229 995641 1
995233 995641 1
995234 995641 1
1047834 1047823 1
1047846 1047823 1
1082882 1047823 1
1047823 1047834 1
1047846 1047834 1
1082882 1047834 1
1047823 1047846 1
1047834 1047846 1
1082882 1047846 1
1047823 1082882 1
1047834 1082882 1
1047846 1082882 1
