352460 3 1
353571 3 1
358016 3 1
376904 3 1
386904 4 1
94 72 1
39992 72 1
72 94 1
39992 94 1
1006 1002 1
1008 1002 1
1002 1006 1
1008 1006 1
1002 1008 1
1006 1008 1
8628 1324 1
3230 3229 1
3231 3229 1
3232 3229 1
3229 3230 1
3232 3230 1
3229 3231 1
3229 3232 1
3230 3232 1
3410 3408 1
3408 3410 1
77781 4448 1
300002 4448 1
311113 4448 1
322224 4448 1
348016 4448 1
349127 4448 1
373016 4448 1
382460 4448 1
395194 4472 1
348056 4503 1
36460 5227 1
50504 5437 1
58560 5465 1
36170 5756 1
8170 6407 1
7125 7123 1
7123 7125 1
72717 7125 1
7887 7605 1
51252 7605 1
408357 7605 1
408366 7605 1
7605 7887 1
51252 7887 1
408357 7887 1
408366 7887 1
6407 8170 1
376583 8393 1
404671 8393 1
1324 8628 1
142337 9382 1
9781 9670 1
9670 9781 1
10864 10039 1
10039 10864 1
400761 11048 1
398394 11128 1
11277 11276 1
11278 11276 1
26385 11276 1
26386 11276 1
26388 11276 1
46202 11276 1
11276 11277 1
26385 11277 1
26386 11277 1
46202 11277 1
11276 11278 1
26386 11278 1
26130 11414 1
122694 11561 1
122705 11561 1
138982 11561 1
394105 11561 1
122705 11583 1
394105 11583 1
11768 11766 1
75036 11766 1
108840 11766 1
11766 11768 1
21561 13203 1
63419 13203 1
68664 13203 1
73174 13203 1
247582 13250 1
142226 13337 1
363574 14381 1
363574 14384 1
73582 14462 1
132504 14462 1
350417 15660 1
18993 16160 1
16249 16227 1
19127 16227 1
19138 16227 1
100870 16227 1
100881 16227 1
202715 16227 1
16227 16249 1
19138 16249 1
39920 16992 1
39921 16992 1
16160 18993 1
16227 19127 1
19138 19127 1
100870 19127 1
100881 19127 1
100893 19127 1
202715 19127 1
16227 19138 1
16249 19138 1
19127 19138 1
100870 19138 1
100881 19138 1
21588 19286 1
28594 19286 1
19526 19504 1
74115 19504 1
74126 19504 1
101059 19504 1
19504 19526 1
19695 19690 1
19696 19690 1
19697 19690 1
19690 19695 1
19697 19695 1
19690 19696 1
19697 19696 1
19690 19697 1
19695 19697 1
19696 19697 1
34144 20202 1
20815 20782 1
224004 20782 1
224226 20782 1
224337 20782 1
402806 20782 1
402817 20782 1
20782 20815 1
224004 20815 1
224226 20815 1
224337 20815 1
402806 20815 1
402817 20815 1
407596 21318 1
13203 21561 1
63419 21561 1
68664 21561 1
73174 21561 1
19286 21588 1
28594 21588 1
21615 21604 1
408139 21604 1
21604 21615 1
66783 21615 1
408139 21615 1
394043 21631 1
41064 21911 1
52053 21911 1
131693 21911 1
162115 21911 1
162137 21911 1
22122 22086 1
22086 22122 1
31508 22173 1
155558 22225 1
398015 22226 1
23860 23849 1
23849 23860 1
25351 25348 1
25356 25348 1
25348 25351 1
25356 25351 1
25348 25356 1
25351 25356 1
359228 25816 1
359240 25816 1
11414 26130 1
11276 26385 1
11277 26385 1
26386 26385 1
46202 26385 1
11276 26386 1
11277 26386 1
11278 26386 1
26385 26386 1
26388 26386 1
46202 26386 1
11276 26388 1
26386 26388 1
46202 26388 1
109470 26437 1
109503 26437 1
109514 26437 1
52830 27198 1
91179 27198 1
98300 27198 1
67129 27340 1
166225 27782 1
57880 27978 1
379603 27978 1
19286 28594 1
21588 28594 1
260781 28859 1
166794 29360 1
166838 29360 1
22173 31508 1
348717 31560 1
31969 31968 1
392834 31968 1
31968 31969 1
392794 34004 1
20202 34144 1
34885 34880 1
34880 34885 1
34985 34984 1
34986 34984 1
34984 34985 1
34986 34985 1
34984 34986 1
34985 34986 1
130682 35594 1
118548 35660 1
367983 35660 1
35705 35672 1
35716 35672 1
118548 35672 1
367983 35672 1
35672 35705 1
118548 35705 1
157916 35705 1
178437 35705 1
35672 35716 1
5756 36170 1
5227 36460 1
37480 37477 1
37477 37480 1
37721 37717 1
37722 37717 1
37717 37721 1
37722 37721 1
37725 37721 1
37717 37722 1
37721 37722 1
37721 37725 1
52195 37725 1
364273 39433 1
39793 39759 1
39826 39759 1
39759 39793 1
39826 39793 1
43870 39793 1
53548 39793 1
53593 39793 1
39826 39804 1
39759 39826 1
39793 39826 1
39804 39826 1
43848 39826 1
43870 39826 1
53548 39826 1
53593 39826 1
16992 39920 1
39921 39920 1
16992 39921 1
39920 39921 1
72 39992 1
94 39992 1
72717 40355 1
121111 40355 1
41036 41034 1
41034 41036 1
75605 41041 1
93574 41041 1
93575 41041 1
21911 41064 1
44225 43670 1
94003 43670 1
363794 43670 1
39826 43848 1
43870 43848 1
39793 43870 1
39826 43870 1
43848 43870 1
53548 43870 1
53593 43870 1
363794 43892 1
73353 43916 1
43670 44225 1
363794 44225 1
52930 44341 1
380238 44448 1
44597 44595 1
44599 44595 1
44595 44597 1
44595 44599 1
364127 45004 1
364349 45004 1
364571 45004 1
11276 46202 1
11277 46202 1
26385 46202 1
26386 46202 1
26388 46202 1
371127 46448 1
395793 46448 1
159759 47437 1
370905 47448 1
371461 47448 1
48682 48659 1
48659 48682 1
286670 49460 1
355951 49460 1
355995 49460 1
404172 49460 1
60742 49501 1
60743 49501 1
5437 50504 1
50526 50504 1
50504 50526 1
153281 50992 1
7605 51252 1
7887 51252 1
408357 51252 1
399115 51426 1
399151 51426 1
67857 51666 1
21911 52053 1
162115 52053 1
162137 52053 1
37725 52195 1
52279 52272 1
52281 52272 1
52272 52279 1
52272 52281 1
65063 52724 1
400290 52724 1
27198 52830 1
44341 52930 1
244572 53349 1
39793 53548 1
39826 53548 1
43870 53548 1
53593 53548 1
39793 53593 1
39826 53593 1
43870 53593 1
53548 53593 1
54670 54448 1
98558 54448 1
384460 54448 1
384683 54448 1
54448 54670 1
384460 54670 1
384683 54670 1
384905 54670 1
55003 54892 1
54892 55003 1
384460 55003 1
384683 55003 1
55228 55227 1
55230 55227 1
55227 55228 1
55230 55228 1
55227 55230 1
55228 55230 1
58560 55799 1
56489 56487 1
56487 56489 1
60025 56489 1
367051 57404 1
406060 57869 1
406065 57869 1
27978 57880 1
379603 57880 1
5465 58560 1
55799 58560 1
131626 58560 1
131637 58560 1
131682 58560 1
373382 58560 1
385940 58560 1
385941 58560 1
407505 59093 1
407505 59138 1
59525 59524 1
59527 59524 1
59524 59525 1
59527 59525 1
59524 59527 1
59525 59527 1
162148 59623 1
162148 59624 1
167337 60004 1
392794 60004 1
56489 60025 1
407505 60282 1
101737 60526 1
101748 60526 1
49501 60742 1
49501 60743 1
99603 62482 1
395194 62482 1
67971 62537 1
225204 62537 1
121036 63301 1
13203 63419 1
21561 63419 1
68664 63419 1
73174 63419 1
52724 65063 1
400290 65063 1
66275 66236 1
66283 66236 1
66236 66275 1
66236 66283 1
21615 66783 1
66929 66928 1
66930 66928 1
66928 66929 1
66928 66930 1
27340 67129 1
51666 67857 1
62537 67971 1
225204 67971 1
13203 68664 1
21561 68664 1
63419 68664 1
73174 68664 1
70526 70515 1
231648 70515 1
70515 70526 1
231648 70526 1
367051 70671 1
70704 70693 1
70693 70704 1
367051 70704 1
392361 70704 1
7125 72717 1
40355 72717 1
121111 72717 1
13203 73174 1
21561 73174 1
63419 73174 1
68664 73174 1
43916 73353 1
395170 73354 1
73582 73504 1
132504 73504 1
14462 73582 1
73504 73582 1
132504 73582 1
169582 73582 1
169593 73582 1
389920 73582 1
19504 74115 1
74126 74115 1
101059 74115 1
19504 74126 1
74115 74126 1
101059 74126 1
74674 74673 1
74673 74674 1
317848 74793 1
11766 75036 1
41041 75605 1
93574 75605 1
77165 77164 1
162312 77164 1
77164 77165 1
162312 77165 1
4448 77781 1
300002 77781 1
322224 77781 1
349127 77781 1
373016 77781 1
95004 79426 1
98115 79426 1
98126 79426 1
98148 79426 1
80190 80188 1
80188 80190 1
80781 80448 1
80448 80781 1
95133 82222 1
102069 82222 1
117745 82222 1
397624 82222 1
376372 83170 1
376372 83203 1
95536 84103 1
84248 84237 1
84281 84237 1
84292 84237 1
104848 84237 1
104859 84237 1
84237 84248 1
84281 84248 1
84292 84248 1
104848 84248 1
104859 84248 1
84237 84281 1
84248 84281 1
84292 84281 1
84237 84292 1
84248 84292 1
84281 84292 1
104837 84292 1
104848 84292 1
104859 84292 1
107312 86549 1
88320 88319 1
88319 88320 1
89482 89460 1
89493 89460 1
170326 89460 1
89460 89482 1
89493 89482 1
89548 89482 1
170326 89482 1
89460 89493 1
89482 89493 1
170326 89493 1
89482 89548 1
170326 89548 1
100634 90299 1
119884 90299 1
27198 91179 1
91449 91415 1
91415 91449 1
91770 91737 1
112294 91737 1
112305 91737 1
112316 91737 1
91737 91770 1
41041 93574 1
75605 93574 1
93575 93574 1
41041 93575 1
93574 93575 1
117559 93670 1
117670 93670 1
117893 93670 1
130781 93670 1
229559 93670 1
188003 93781 1
188225 93781 1
188336 93781 1
188780 93781 1
246226 93781 1
363794 93781 1
43670 94003 1
95004 94992 1
79426 95004 1
94992 95004 1
98115 95004 1
98126 95004 1
98137 95004 1
98148 95004 1
82222 95133 1
84103 95536 1
79426 98115 1
95004 98115 1
98126 98115 1
98137 98115 1
98148 98115 1
79426 98126 1
95004 98126 1
98115 98126 1
98137 98126 1
98148 98126 1
95004 98137 1
98115 98137 1
98126 98137 1
79426 98148 1
95004 98148 1
98115 98148 1
98126 98148 1
27198 98300 1
54448 98558 1
384460 98558 1
384683 98558 1
134167 99156 1
134168 99156 1
133771 99525 1
62482 99603 1
395194 99603 1
150992 99625 1
90299 100634 1
119884 100634 1
16227 100870 1
19127 100870 1
19138 100870 1
100881 100870 1
100893 100870 1
202715 100870 1
16227 100881 1
19127 100881 1
19138 100881 1
100870 100881 1
100893 100881 1
202715 100881 1
19127 100893 1
100870 100893 1
100881 100893 1
101059 101048 1
19504 101059 1
74115 101059 1
74126 101059 1
101048 101059 1
60526 101737 1
101748 101737 1
101759 101737 1
60526 101748 1
101737 101748 1
101737 101759 1
82222 102069 1
104090 104089 1
104091 104089 1
111173 104089 1
104089 104090 1
104091 104090 1
111173 104090 1
104089 104091 1
104090 104091 1
111173 104091 1
84292 104837 1
84237 104848 1
84248 104848 1
84292 104848 1
104859 104848 1
84237 104859 1
84248 104859 1
84292 104859 1
104848 104859 1
104881 104870 1
104870 104881 1
211948 106804 1
211959 106804 1
86549 107312 1
11766 108840 1
26437 109470 1
109514 109470 1
26437 109503 1
26437 109514 1
109470 109514 1
110891 110780 1
110780 110891 1
104089 111173 1
104090 111173 1
104091 111173 1
112060 112049 1
112049 112060 1
91737 112294 1
91737 112305 1
112316 112305 1
91737 112316 1
112305 112316 1
113064 113057 1
137810 113057 1
137812 113057 1
113057 113064 1
137810 113064 1
155559 116670 1
93670 117559 1
117670 117559 1
117893 117559 1
93670 117670 1
117559 117670 1
117893 117670 1
130781 117670 1
229559 117670 1
270004 117670 1
82222 117745 1
363794 117782 1
383472 117782 1
93670 117893 1
117559 117893 1
117670 117893 1
130781 117893 1
229559 117893 1
35660 118548 1
35672 118548 1
35705 118548 1
367983 118548 1
90299 119884 1
100634 119884 1
63301 121036 1
40355 121111 1
72717 121111 1
11561 122694 1
122705 122694 1
122716 122694 1
122727 122694 1
138982 122694 1
191293 122694 1
394105 122694 1
11561 122705 1
11583 122705 1
122694 122705 1
122716 122705 1
122727 122705 1
138982 122705 1
191293 122705 1
191304 122705 1
394105 122705 1
122694 122716 1
122705 122716 1
122727 122716 1
138982 122716 1
191293 122716 1
122694 122727 1
122705 122727 1
122716 122727 1
138982 122727 1
157366 122736 1
126659 125393 1
332492 125393 1
366702 125393 1
126226 125782 1
126448 125782 1
125782 126226 1
126448 126226 1
343337 126226 1
370695 126226 1
125782 126448 1
126226 126448 1
343337 126448 1
370695 126448 1
125393 126659 1
332492 126659 1
366702 126659 1
355623 129304 1
129490 129489 1
129489 129490 1
129491 129490 1
129490 129491 1
134672 130116 1
350042 130116 1
350043 130116 1
35594 130682 1
93670 130781 1
117670 130781 1
117893 130781 1
58560 131626 1
131637 131626 1
131659 131626 1
131671 131626 1
131693 131626 1
191693 131626 1
58560 131637 1
131626 131637 1
131626 131659 1
131626 131671 1
58560 131682 1
373382 131682 1
21911 131693 1
131626 131693 1
162115 131693 1
162137 131693 1
368239 132225 1
14462 132504 1
73504 132504 1
73582 132504 1
169582 132504 1
389920 132504 1
133114 133003 1
136448 133003 1
364127 133003 1
364571 133003 1
365349 133003 1
133003 133114 1
136448 133114 1
364127 133114 1
364571 133114 1
365349 133114 1
379606 133214 1
155558 133336 1
181114 133337 1
290003 133337 1
323336 133337 1
155560 133449 1
277782 133449 1
99525 133771 1
99156 134167 1
134168 134167 1
99156 134168 1
134167 134168 1
130116 134672 1
350042 134672 1
350043 134672 1
350044 134672 1
350045 134672 1
350047 134672 1
135338 135315 1
135315 135338 1
361993 135382 1
348672 135960 1
364127 136337 1
365349 136337 1
365571 136337 1
133003 136448 1
133114 136448 1
364127 136448 1
364571 136448 1
365349 136448 1
365349 137448 1
113057 137810 1
113064 137810 1
137812 137810 1
113057 137812 1
137810 137812 1
11561 138982 1
122694 138982 1
122705 138982 1
122716 138982 1
122727 138982 1
191315 138982 1
358652 138982 1
394105 138982 1
169477 140940 1
169478 140940 1
169479 140940 1
141249 141238 1
141238 141249 1
13337 142226 1
9382 142337 1
156671 142337 1
156782 142337 1
182337 142337 1
359584 144337 1
395216 145093 1
395216 145127 1
173431 146433 1
146435 146434 1
146434 146435 1
173431 146435 1
147231 147229 1
147229 147231 1
153881 149804 1
181026 149804 1
204281 149804 1
350948 149804 1
150164 150162 1
150162 150164 1
150165 150164 1
150168 150164 1
150164 150165 1
150168 150165 1
150164 150168 1
150165 150168 1
99625 150992 1
152059 152048 1
152081 152048 1
152048 152059 1
152081 152059 1
152048 152081 1
152059 152081 1
50992 153281 1
149804 153881 1
181026 153881 1
204281 153881 1
350948 153881 1
22225 155558 1
133336 155558 1
116670 155559 1
384238 155559 1
133449 155560 1
277782 155560 1
142337 156671 1
182337 156671 1
348706 156671 1
142337 156782 1
182337 156782 1
403527 157093 1
179115 157116 1
348617 157116 1
348628 157116 1
348672 157116 1
384483 157116 1
403527 157116 1
122736 157366 1
35705 157916 1
178437 157916 1
178449 157916 1
159704 159682 1
159682 159704 1
47437 159759 1
160485 160483 1
160483 160485 1
176436 161227 1
174370 162048 1
263970 162048 1
200682 162070 1
200748 162070 1
21911 162115 1
52053 162115 1
131693 162115 1
162137 162115 1
162148 162126 1
356201 162126 1
361956 162126 1
21911 162137 1
52053 162137 1
131693 162137 1
162115 162137 1
59623 162148 1
59624 162148 1
162126 162148 1
302404 162148 1
302426 162148 1
356201 162148 1
361954 162148 1
361955 162148 1
361956 162148 1
77164 162312 1
77165 162312 1
27782 166225 1
29360 166794 1
166838 166794 1
29360 166838 1
166794 166838 1
60004 167337 1
392572 167337 1
392794 167337 1
140940 169477 1
169478 169477 1
169479 169477 1
140940 169478 1
169477 169478 1
140940 169479 1
169477 169479 1
73582 169582 1
132504 169582 1
169593 169582 1
73582 169593 1
169582 169593 1
89460 170326 1
89482 170326 1
89493 170326 1
89548 170326 1
171404 171371 1
180937 171371 1
171371 171404 1
146433 173431 1
146435 173431 1
363591 174004 1
162048 174370 1
263970 174370 1
174794 174792 1
174797 174792 1
174799 174792 1
189711 174792 1
174792 174794 1
174797 174794 1
189711 174794 1
174792 174797 1
174794 174797 1
174792 174799 1
161227 176436 1
35705 178437 1
157916 178437 1
157916 178449 1
157116 179115 1
348617 179115 1
348628 179115 1
348661 179115 1
348672 179115 1
348684 179115 1
348695 179115 1
365061 179115 1
403527 179115 1
180892 180670 1
181003 180670 1
180670 180892 1
171371 180937 1
180670 181003 1
149804 181026 1
153881 181026 1
204281 181026 1
133337 181114 1
290003 181114 1
323336 181114 1
142337 182337 1
156671 182337 1
156782 182337 1
348717 182337 1
183832 183831 1
183831 183832 1
185144 185143 1
201284 185143 1
185143 185144 1
201284 185144 1
93781 188003 1
188225 188003 1
188780 188003 1
246226 188003 1
363794 188003 1
93781 188225 1
188003 188225 1
188780 188225 1
188403 188325 1
188414 188325 1
93781 188336 1
246226 188336 1
188325 188403 1
188414 188403 1
188325 188414 1
188403 188414 1
93781 188780 1
188003 188780 1
188225 188780 1
246226 188780 1
174792 189711 1
174794 189711 1
216503 189870 1
190912 190910 1
190910 190912 1
122694 191293 1
122705 191293 1
122716 191293 1
122705 191304 1
138982 191315 1
131626 191693 1
162070 200682 1
200748 200682 1
162070 200748 1
200682 200748 1
185143 201284 1
185144 201284 1
16227 202715 1
19127 202715 1
100870 202715 1
100881 202715 1
204071 204069 1
204073 204069 1
204074 204069 1
204069 204071 1
204073 204071 1
204074 204071 1
204069 204073 1
204071 204073 1
204074 204073 1
204069 204074 1
204071 204074 1
204073 204074 1
149804 204281 1
153881 204281 1
181026 204281 1
350948 204281 1
260448 209669 1
260559 209669 1
260781 209669 1
210747 210736 1
210736 210747 1
364273 210866 1
106804 211948 1
106804 211959 1
292482 212026 1
189870 216503 1
218628 218627 1
218627 218628 1
20782 224004 1
20815 224004 1
224226 224004 1
224337 224004 1
402806 224004 1
402817 224004 1
20782 224226 1
20815 224226 1
224004 224226 1
224337 224226 1
402806 224226 1
402817 224226 1
20782 224337 1
20815 224337 1
224004 224337 1
224226 224337 1
402806 224337 1
402817 224337 1
62537 225204 1
67971 225204 1
225716 225683 1
225771 225683 1
253270 225683 1
225683 225716 1
225771 225716 1
253259 225716 1
253270 225716 1
225683 225771 1
225716 225771 1
253248 225771 1
253259 225771 1
93670 229559 1
117670 229559 1
117893 229559 1
70515 231648 1
70526 231648 1
311548 233461 1
241837 241826 1
288938 241826 1
241826 241837 1
363083 241881 1
244572 244538 1
53349 244572 1
244538 244572 1
244816 244783 1
364273 244783 1
364274 244783 1
364275 244783 1
364278 244783 1
405650 244783 1
244783 244816 1
364273 244816 1
364274 244816 1
364275 244816 1
364278 244816 1
364279 244816 1
394134 244816 1
405650 244816 1
246715 245657 1
93781 246226 1
188003 246226 1
188336 246226 1
188780 246226 1
363794 246226 1
246715 246714 1
245657 246715 1
246714 246715 1
13250 247582 1
249537 249515 1
249515 249537 1
254548 251260 1
254593 251260 1
254626 251260 1
254548 251271 1
407793 251892 1
253114 252781 1
252781 253114 1
225771 253248 1
253259 253248 1
225716 253259 1
225771 253259 1
253248 253259 1
225683 253270 1
225716 253270 1
253471 253460 1
253460 253471 1
253515 253482 1
253482 253515 1
277637 253869 1
251260 254548 1
251271 254548 1
254593 254548 1
254626 254548 1
251260 254593 1
254548 254593 1
251260 254626 1
254548 254626 1
209669 260448 1
209669 260559 1
260781 260559 1
28859 260781 1
209669 260781 1
260559 260781 1
378550 260781 1
291559 262003 1
356027 262482 1
162048 263970 1
174370 263970 1
266414 266392 1
266470 266392 1
271482 266392 1
271493 266392 1
271504 266392 1
266392 266414 1
266392 266470 1
271493 266470 1
117670 270004 1
363072 270004 1
350083 270670 1
266392 271482 1
266392 271493 1
266470 271493 1
271504 271493 1
266392 271504 1
271493 271504 1
289926 271948 1
289948 271948 1
290005 271948 1
306292 271948 1
253869 277637 1
311113 277780 1
346905 277780 1
133449 277782 1
155560 277782 1
277849 277816 1
277894 277816 1
277816 277849 1
277816 277894 1
291559 279892 1
349956 281004 1
363350 286336 1
49460 286670 1
355929 286670 1
355951 286670 1
355962 286670 1
355973 286670 1
355984 286670 1
355995 286670 1
356006 286670 1
356018 286670 1
368184 286670 1
404172 286670 1
374807 287647 1
376629 287647 1
287681 287670 1
287692 287670 1
326303 287670 1
326325 287670 1
326359 287670 1
287670 287681 1
287692 287681 1
326303 287681 1
326325 287681 1
326359 287681 1
287670 287692 1
287681 287692 1
326359 287692 1
288938 288927 1
241826 288938 1
288927 288938 1
303143 289446 1
271948 289926 1
289948 289926 1
290005 289926 1
271948 289948 1
289926 289948 1
290005 289948 1
133337 290003 1
181114 290003 1
271948 290005 1
289926 290005 1
289948 290005 1
262003 291559 1
279892 291559 1
212026 292482 1
319492 298281 1
4448 300002 1
77781 300002 1
311113 300002 1
322224 300002 1
348016 300002 1
349127 300002 1
162148 302404 1
302426 302404 1
162148 302426 1
302404 302426 1
289446 303143 1
271948 306292 1
4448 311113 1
277780 311113 1
300002 311113 1
322224 311113 1
380238 311113 1
233461 311548 1
354116 314225 1
354150 314225 1
354161 314225 1
74793 317848 1
319481 319459 1
319492 319459 1
319459 319481 1
319492 319481 1
298281 319492 1
319459 319492 1
319481 319492 1
320335 320334 1
320334 320335 1
4448 322224 1
77781 322224 1
300002 322224 1
311113 322224 1
348016 322224 1
396904 322224 1
133337 323336 1
181114 323336 1
287670 326303 1
287681 326303 1
287670 326325 1
287681 326325 1
287670 326359 1
287681 326359 1
287692 326359 1
327533 327532 1
327532 327533 1
353565 328814 1
379072 331447 1
125393 332492 1
126659 332492 1
343164 343163 1
343200 343163 1
343201 343163 1
343163 343164 1
343200 343164 1
343201 343164 1
343163 343200 1
343164 343200 1
343201 343200 1
343163 343201 1
343164 343201 1
343200 343201 1
126226 343337 1
126448 343337 1
345166 345164 1
345164 345166 1
345293 345291 1
345296 345291 1
345291 345293 1
345296 345293 1
345291 345296 1
345293 345296 1
348056 346224 1
277780 346905 1
359584 347570 1
378559 347877 1
4448 348016 1
300002 348016 1
322224 348016 1
349127 348016 1
396904 348016 1
4503 348056 1
346224 348056 1
348058 348057 1
398482 348057 1
348057 348058 1
398482 348058 1
157116 348617 1
179115 348617 1
348628 348617 1
348650 348617 1
348672 348617 1
403527 348617 1
157116 348628 1
179115 348628 1
348617 348628 1
348661 348628 1
348672 348628 1
348684 348628 1
348695 348628 1
365061 348628 1
348617 348650 1
179115 348661 1
348628 348661 1
348684 348661 1
135960 348672 1
157116 348672 1
179115 348672 1
348617 348672 1
348628 348672 1
384483 348672 1
403527 348672 1
179115 348684 1
348628 348684 1
348661 348684 1
348695 348684 1
365061 348684 1
179115 348695 1
348628 348695 1
348684 348695 1
156671 348706 1
31560 348717 1
182337 348717 1
403550 348754 1
361724 348791 1
361725 348791 1
4448 349127 1
77781 349127 1
300002 349127 1
348016 349127 1
281004 349956 1
352602 349956 1
130116 350042 1
134672 350042 1
350043 350042 1
350044 350042 1
350045 350042 1
350047 350042 1
130116 350043 1
134672 350043 1
350042 350043 1
350044 350043 1
350045 350043 1
350047 350043 1
134672 350044 1
350042 350044 1
350043 350044 1
350045 350044 1
134672 350045 1
350042 350045 1
350043 350045 1
350044 350045 1
134672 350047 1
350042 350047 1
350043 350047 1
270670 350083 1
15660 350417 1
372218 350533 1
149804 350948 1
153881 350948 1
204281 350948 1
354667 351015 1
376791 351015 1
356350 351905 1
356572 351905 1
356683 351905 1
356794 351905 1
357017 351905 1
402238 351905 1
3 352460 1
353571 352460 1
358016 352460 1
361349 352460 1
376904 352460 1
349956 352602 1
372821 352707 1
352910 352909 1
359892 352909 1
352909 352910 1
328814 353565 1
353575 353565 1
3 353571 1
352460 353571 1
353565 353575 1
383804 353575 1
383808 353575 1
364815 353576 1
367845 353680 1
378171 353680 1
357378 354110 1
314225 354116 1
354150 354116 1
354161 354116 1
354161 354139 1
314225 354150 1
354116 354150 1
354161 354150 1
314225 354161 1
354116 354161 1
354139 354161 1
354150 354161 1
354276 354271 1
402786 354271 1
354271 354276 1
402786 354276 1
351015 354667 1
376791 354667 1
395599 354667 1
129304 355623 1
286670 355929 1
355951 355929 1
355973 355929 1
49460 355951 1
286670 355951 1
355929 355951 1
355962 355951 1
355973 355951 1
355984 355951 1
355995 355951 1
356006 355951 1
356018 355951 1
368184 355951 1
404172 355951 1
286670 355962 1
355951 355962 1
286670 355973 1
355929 355973 1
355951 355973 1
355995 355973 1
356006 355973 1
286670 355984 1
355951 355984 1
49460 355995 1
286670 355995 1
355951 355995 1
355973 355995 1
356006 355995 1
356018 355995 1
404172 355995 1
286670 356006 1
355951 356006 1
355973 356006 1
355995 356006 1
356018 356006 1
286670 356018 1
355951 356018 1
355995 356018 1
356006 356018 1
262482 356027 1
382195 356071 1
382196 356071 1
382197 356071 1
389685 356071 1
162126 356201 1
162148 356201 1
361954 356201 1
361955 356201 1
361956 356201 1
356339 356306 1
356384 356306 1
356306 356339 1
351905 356350 1
356683 356350 1
356794 356350 1
357017 356350 1
357128 356350 1
356306 356384 1
361052 356467 1
351905 356572 1
356794 356572 1
356906 356572 1
357017 356572 1
351905 356683 1
356350 356683 1
356794 356683 1
357017 356683 1
360683 356683 1
351905 356794 1
356350 356794 1
356572 356794 1
356683 356794 1
356906 356794 1
357017 356794 1
357128 356794 1
360683 356794 1
356572 356906 1
356794 356906 1
357017 356906 1
357128 356906 1
360683 356906 1
404905 356906 1
351905 357017 1
356350 357017 1
356572 357017 1
356683 357017 1
356794 357017 1
356906 357017 1
357128 357017 1
360683 357017 1
404905 357017 1
356350 357128 1
356794 357128 1
356906 357128 1
357017 357128 1
360683 357128 1
404905 357128 1
407294 357239 1
409638 357239 1
354110 357378 1
3 358016 1
352460 358016 1
361349 358016 1
376904 358016 1
358243 358241 1
358244 358241 1
358245 358241 1
358247 358241 1
358248 358241 1
358241 358243 1
358244 358243 1
358245 358243 1
358247 358243 1
358248 358243 1
358249 358243 1
358241 358244 1
358243 358244 1
358245 358244 1
358247 358244 1
358248 358244 1
358241 358245 1
358243 358245 1
358244 358245 1
358247 358245 1
358248 358245 1
358249 358245 1
358241 358247 1
358243 358247 1
358244 358247 1
358245 358247 1
358248 358247 1
358249 358247 1
358241 358248 1
358243 358248 1
358244 358248 1
358245 358248 1
358247 358248 1
358243 358249 1
358245 358249 1
358247 358249 1
138982 358652 1
359228 359206 1
359240 359206 1
359251 359206 1
25816 359228 1
359206 359228 1
359240 359228 1
359251 359228 1
25816 359240 1
359206 359240 1
359228 359240 1
359251 359240 1
359206 359251 1
359228 359251 1
359240 359251 1
144337 359584 1
347570 359584 1
352909 359892 1
376904 360238 1
356683 360683 1
356794 360683 1
356906 360683 1
357017 360683 1
357128 360683 1
404905 360683 1
380149 360826 1
356467 361052 1
352460 361349 1
358016 361349 1
348791 361724 1
348791 361725 1
162148 361954 1
356201 361954 1
162148 361955 1
356201 361955 1
361956 361955 1
162126 361956 1
162148 361956 1
356201 361956 1
361955 361956 1
135382 361993 1
392214 362822 1
270004 363072 1
363094 363072 1
385983 363072 1
241881 363083 1
363105 363083 1
363072 363094 1
363083 363105 1
364127 363349 1
364349 363349 1
364571 363349 1
364683 363349 1
364794 363349 1
364905 363349 1
365349 363349 1
286336 363350 1
14381 363574 1
14384 363574 1
174004 363591 1
363794 363683 1
43670 363794 1
43892 363794 1
44225 363794 1
93781 363794 1
117782 363794 1
188003 363794 1
246226 363794 1
363683 363794 1
45004 364127 1
133003 364127 1
133114 364127 1
136337 364127 1
136448 364127 1
363349 364127 1
364349 364127 1
364571 364127 1
364683 364127 1
364794 364127 1
364905 364127 1
365016 364127 1
365238 364127 1
365349 364127 1
365571 364127 1
395872 364127 1
39433 364273 1
210866 364273 1
244783 364273 1
244816 364273 1
364274 364273 1
364275 364273 1
364278 364273 1
364279 364273 1
394134 364273 1
405650 364273 1
244783 364274 1
244816 364274 1
364273 364274 1
364278 364274 1
244783 364275 1
244816 364275 1
364273 364275 1
394134 364275 1
244783 364278 1
244816 364278 1
364273 364278 1
364274 364278 1
405650 364278 1
244816 364279 1
364273 364279 1
45004 364349 1
363349 364349 1
364127 364349 1
364571 364349 1
364683 364349 1
383150 364349 1
45004 364571 1
133003 364571 1
133114 364571 1
136448 364571 1
363349 364571 1
364127 364571 1
364349 364571 1
364683 364571 1
365349 364571 1
395872 364571 1
363349 364683 1
364127 364683 1
364349 364683 1
364571 364683 1
364794 364683 1
364905 364683 1
365016 364683 1
365238 364683 1
365349 364683 1
365571 364683 1
363349 364794 1
364127 364794 1
364683 364794 1
365016 364794 1
365238 364794 1
365349 364794 1
365460 364794 1
365571 364794 1
407127 364794 1
407793 364794 1
353576 364815 1
366716 364815 1
363349 364905 1
364127 364905 1
364683 364905 1
365349 364905 1
364127 365016 1
364683 365016 1
364794 365016 1
365238 365016 1
365571 365016 1
407127 365016 1
407460 365016 1
179115 365061 1
348628 365061 1
348684 365061 1
364127 365238 1
364683 365238 1
364794 365238 1
365016 365238 1
365460 365238 1
407127 365238 1
133003 365349 1
133114 365349 1
136337 365349 1
136448 365349 1
137448 365349 1
363349 365349 1
364127 365349 1
364571 365349 1
364683 365349 1
364794 365349 1
364905 365349 1
365571 365349 1
364794 365460 1
365238 365460 1
136337 365571 1
364127 365571 1
364683 365571 1
364794 365571 1
365016 365571 1
365349 365571 1
125393 366702 1
126659 366702 1
364815 366716 1
57404 367051 1
70671 367051 1
70704 367051 1
392361 367051 1
353680 367845 1
35660 367983 1
35672 367983 1
118548 367983 1
286670 368184 1
355951 368184 1
132225 368239 1
398015 369572 1
376583 370462 1
126226 370695 1
126448 370695 1
370831 370825 1
385904 370825 1
385907 370825 1
401436 370825 1
370825 370831 1
47448 370905 1
371461 370905 1
370914 370912 1
370912 370914 1
46448 371127 1
395793 371127 1
47448 371461 1
370905 371461 1
395793 371461 1
350533 372218 1
376781 372218 1
394270 372218 1
352707 372821 1
4448 373016 1
77781 373016 1
382460 373016 1
58560 373382 1
131682 373382 1
399115 373672 1
383464 374324 1
287647 374807 1
376629 374807 1
383901 375060 1
383903 375060 1
389699 375060 1
83170 376372 1
83203 376372 1
376383 376372 1
376372 376383 1
8393 376583 1
370462 376583 1
287647 376629 1
374807 376629 1
376636 376635 1
376635 376636 1
372218 376781 1
394270 376781 1
396885 376781 1
351015 376791 1
354667 376791 1
376798 376795 1
376795 376798 1
3 376904 1
352460 376904 1
358016 376904 1
360238 376904 1
353680 378171 1
260781 378550 1
347877 378559 1
378799 378797 1
378801 378797 1
378797 378799 1
378801 378799 1
378797 378801 1
378799 378801 1
379072 379050 1
379094 379050 1
331447 379072 1
379050 379072 1
379050 379094 1
27978 379603 1
57880 379603 1
133214 379606 1
398394 379650 1
360826 380149 1
44448 380238 1
311113 380238 1
380689 380687 1
380687 380689 1
383087 381300 1
395645 381300 1
395646 381300 1
395647 381300 1
395653 381300 1
382135 382134 1
382136 382134 1
382134 382135 1
382136 382135 1
382140 382135 1
382134 382136 1
382135 382136 1
382135 382140 1
356071 382195 1
382197 382195 1
356071 382196 1
356071 382197 1
382195 382197 1
382374 382371 1
382375 382371 1
382376 382371 1
382377 382371 1
382371 382374 1
382375 382374 1
382376 382374 1
382377 382374 1
382371 382375 1
382374 382375 1
382376 382375 1
382377 382375 1
382379 382375 1
382512 382375 1
382371 382376 1
382374 382376 1
382375 382376 1
382377 382376 1
382379 382376 1
382512 382376 1
382371 382377 1
382374 382377 1
382375 382377 1
382376 382377 1
382379 382377 1
382375 382379 1
382376 382379 1
382377 382379 1
4448 382460 1
373016 382460 1
382375 382512 1
382376 382512 1
381300 383087 1
395645 383087 1
395646 383087 1
395647 383087 1
395653 383087 1
364349 383150 1
374324 383464 1
117782 383472 1
353575 383804 1
353575 383808 1
383810 383808 1
383808 383810 1
375060 383901 1
383903 383901 1
389699 383901 1
389703 383901 1
408177 383901 1
375060 383903 1
383901 383903 1
389699 383903 1
408177 383903 1
384216 384150 1
384150 384216 1
155559 384238 1
54448 384460 1
54670 384460 1
55003 384460 1
98558 384460 1
384683 384460 1
384905 384460 1
157116 384483 1
348672 384483 1
403527 384483 1
54448 384683 1
54670 384683 1
55003 384683 1
98558 384683 1
384460 384683 1
384905 384683 1
54670 384905 1
384460 384905 1
384683 384905 1
386904 385793 1
395793 385793 1
370825 385904 1
401436 385904 1
410062 385904 1
370825 385907 1
385940 385938 1
58560 385940 1
385938 385940 1
385941 385940 1
58560 385941 1
385940 385941 1
363072 385983 1
386529 386528 1
386528 386529 1
391148 386783 1
4 386904 1
385793 386904 1
389127 386904 1
395793 386904 1
409126 386904 1
388115 388114 1
388116 388114 1
388721 388114 1
388114 388115 1
388116 388115 1
388721 388115 1
388114 388116 1
388115 388116 1
388114 388721 1
388115 388721 1
386904 389127 1
395793 389127 1
356071 389685 1
375060 389699 1
383901 389699 1
383903 389699 1
389703 389699 1
408177 389699 1
383901 389703 1
389699 389703 1
389755 389752 1
389752 389755 1
73582 389920 1
132504 389920 1
386783 391148 1
391561 391517 1
391517 391561 1
362822 392214 1
70704 392361 1
367051 392361 1
167337 392572 1
392794 392572 1
34004 392794 1
60004 392794 1
167337 392794 1
392572 392794 1
31968 392834 1
21631 394043 1
11561 394105 1
11583 394105 1
122694 394105 1
122705 394105 1
138982 394105 1
244816 394134 1
364273 394134 1
364275 394134 1
372218 394270 1
376781 394270 1
396885 394270 1
73354 395170 1
4472 395194 1
62482 395194 1
99603 395194 1
395215 395214 1
395214 395215 1
145093 395216 1
145127 395216 1
354667 395599 1
381300 395645 1
383087 395645 1
395646 395645 1
395647 395645 1
395653 395645 1
381300 395646 1
383087 395646 1
395645 395646 1
395647 395646 1
395653 395646 1
381300 395647 1
383087 395647 1
395645 395647 1
395646 395647 1
395653 395647 1
381300 395653 1
383087 395653 1
395645 395653 1
395646 395653 1
395647 395653 1
395662 395655 1
395655 395662 1
46448 395793 1
371127 395793 1
371461 395793 1
385793 395793 1
386904 395793 1
389127 395793 1
364127 395872 1
364571 395872 1
376781 396885 1
394270 396885 1
322224 396904 1
348016 396904 1
410227 396977 1
82222 397624 1
22226 398015 1
369572 398015 1
398272 398261 1
398261 398272 1
11128 398394 1
379650 398394 1
348057 398482 1
348058 398482 1
51426 399115 1
373672 399115 1
399151 399115 1
51426 399151 1
399115 399151 1
52724 400290 1
65063 400290 1
11048 400761 1
370825 401436 1
385904 401436 1
410062 401436 1
401517 401506 1
401506 401517 1
351905 402238 1
406060 402585 1
406065 402585 1
402702 402701 1
404621 402701 1
404622 402701 1
404623 402701 1
404624 402701 1
402701 402702 1
354271 402786 1
354276 402786 1
20782 402806 1
20815 402806 1
224004 402806 1
224226 402806 1
224337 402806 1
402817 402806 1
20782 402817 1
20815 402817 1
224004 402817 1
224226 402817 1
224337 402817 1
402806 402817 1
157093 403527 1
157116 403527 1
179115 403527 1
348617 403527 1
348672 403527 1
384483 403527 1
348754 403550 1
403838 403837 1
403837 403838 1
49460 404172 1
286670 404172 1
355951 404172 1
355995 404172 1
402701 404621 1
404622 404621 1
404623 404621 1
404624 404621 1
402701 404622 1
404621 404622 1
404623 404622 1
404624 404622 1
402701 404623 1
404621 404623 1
404622 404623 1
404624 404623 1
402701 404624 1
404621 404624 1
404622 404624 1
404623 404624 1
8393 404671 1
356906 404905 1
357017 404905 1
357128 404905 1
360683 404905 1
244783 405650 1
244816 405650 1
364273 405650 1
364278 405650 1
57869 406060 1
402585 406060 1
406065 406060 1
57869 406065 1
402585 406065 1
406060 406065 1
364794 407127 1
365016 407127 1
365238 407127 1
407205 407194 1
407194 407205 1
357239 407294 1
409638 407294 1
365016 407460 1
59093 407505 1
59138 407505 1
60282 407505 1
21318 407596 1
251892 407793 1
364794 407793 1
21604 408139 1
21615 408139 1
383901 408177 1
383903 408177 1
389699 408177 1
7605 408357 1
7887 408357 1
51252 408357 1
408366 408357 1
7605 408366 1
7887 408366 1
408357 408366 1
386904 409126 1
357239 409638 1
407294 409638 1
409649 409638 1
409638 409649 1
385904 410062 1
401436 410062 1
396977 410227 1
